$ 1 0.000005 10.20220290220148 50 5 43 50
r 48 288 48 368 0 2000
g 48 368 48 400 0
w 48 288 96 288 0
r 96 288 208 288 0 1000
r 208 288 320 288 0 1000
r 320 288 432 288 0 1000
R 96 128 96 96 0 0 5 0 0 0.5
s 96 128 96 208 0 0 false
r 96 208 96 288 0 2000
R 208 128 208 96 0 0 5 0 0 0.5
s 208 128 208 208 0 0 false
r 208 208 208 288 0 2000
R 320 128 320 96 0 0 5 0 0 0.5
s 320 128 320 208 0 0 false
r 320 208 320 288 0 2000
R 432 128 432 96 0 0 5 0 0 0.5
s 432 128 432 208 0 0 false
r 432 208 432 288 0 2000
w 432 288 560 288 0
r 560 288 560 368 0 75
g 560 368 560 400 0
p 560 288 656 288 1 0
R 800 160 800 128 0 0 0.0 0 0 0.5
r 800 160 800 208 0 75
g 800 208 800 240 0
p 800 160 896 160 1 0
R 800 240 800 208 0 0 1.25 0 0 0.5
r 800 240 800 288 0 75
g 800 288 800 320 0
p 800 240 896 240 1 0
R 800 320 800 288 0 0 2.188 0 0 0.5
r 800 320 800 368 0 75
g 800 368 800 400 0
p 800 320 896 320 1 0
R 800 400 800 368 0 0 4.688 0 0 0.5
r 800 400 800 448 0 75
g 800 448 800 480 0
p 800 400 896 400 1 0
R 96 580 96 548 0 2 10000 5 0 0 0.5
p 96 580 96 484 1 0
w 96 580 176 580 0
r 176 580 256 580 0 1000
c 256 580 256 644 0 1e-07 0
g 256 644 256 676 0
p 256 580 352 580 1 0
r 352 580 352 644 0 75
g 352 644 352 676 0
