$ 1 0.000005 10.20220290220148 50 5 43 50
r 48 288 48 368 0 2000
g 48 368 48 400 0
w 48 288 96 288 0
r 96 288 208 288 0 1000
r 208 288 320 288 0 1000
r 320 288 432 288 0 1000
R 96 128 96 96 0 0 5 0 0 0.5
s 96 128 96 208 0 0 false
r 96 208 96 288 0 2000
R 208 128 208 96 0 0 5 0 0 0.5
s 208 128 208 208 0 0 false
r 208 208 208 288 0 2000
R 320 128 320 96 0 0 5 0 0 0.5
s 320 128 320 208 0 0 false
r 320 208 320 288 0 2000
R 432 128 432 96 0 0 5 0 0 0.5
s 432 128 432 208 0 0 false
r 432 208 432 288 0 2000
p 432 288 544 288 1 0
r 432 288 432 400 0 75
g 432 400 432 432 0
